Index(['radius1', 'texture1', 'perimeter1', 'area1', 'smoothness1',
       'compactness1', 'concavity1', 'concave_points1', 'symmetry1',
       'fractal_dimension1', 'radius2', 'texture2', 'perimeter2', 'area2',
       'smoothness2', 'compactness2', 'concavity2', 'concave_points2',
       'symmetry2', 'fractal_dimension2', 'radius3', 'texture3', 'perimeter3',
       'area3', 'smoothness3', 'compactness3', 'concavity3', 'concave_points3',
       'symmetry3', 'fractal_dimension3'],
      dtype='object')
     radius1  texture1  perimeter1   area1  ...  concavity3  concave_points3  symmetry3  fractal_dimension3
0      17.99     10.38      122.80  1001.0  ...      0.7119           0.2654     0.4601             0.11890
1      20.57     17.77      132.90  1326.0  ...      0.2416           0.1860     0.2750             0.08902
2      19.69     21.25      130.00  1203.0  ...      0.4504           0.2430     0.3613             0.08758
3      11.42     20.38       77.58   386.1  ...      0.6869           0.2575     0.6638             0.17300
4      20.29     14.34      135.10  1297.0  ...      0.4000           0.1625     0.2364             0.07678
..       ...       ...         ...     ...  ...         ...              ...        ...                 ...
564    21.56     22.39      142.00  1479.0  ...      0.4107           0.2216     0.2060             0.07115
565    20.13     28.25      131.20  1261.0  ...      0.3215           0.1628     0.2572             0.06637
566    16.60     28.08      108.30   858.1  ...      0.3403           0.1418     0.2218             0.07820
567    20.60     29.33      140.10  1265.0  ...      0.9387           0.2650     0.4087             0.12400
568     7.76     24.54       47.92   181.0  ...      0.0000           0.0000     0.2871             0.07039

[569 rows x 30 columns]
    Diagnosis
0           M
1           M
2           M
3           M
4           M
..        ...
564         M
565         M
566         M
567         M
568         B

[569 rows x 1 columns]
[[0.1452506  0.26445722 0.14249188 ... 0.22333333 0.26197516 0.14167651]
 [0.18074684 0.41494758 0.17275931 ... 0.25721649 0.27597083 0.14154532]
 [0.43348005 0.174163   0.41814664 ... 0.38797251 0.23910901 0.09891119]
 ...
 [0.11619102 0.29117349 0.11077327 ... 0.17360825 0.17524147 0.17263545]
 [0.12963226 0.28779168 0.11706171 ... 0.         0.06780997 0.06919848]
 [0.21434995 0.4808928  0.21235575 ... 0.33171821 0.10782574 0.21172767]]
[1 0 0 0 0 0 0 0 0 0 0 0 0 0 0 1 0 1 1 1 1 1 0 0 1 0 0 1 0 1 0 1 0 1 0 1 0
 1 0 1 1 0 1 0 0 1 0 0 0 1 1 1 1 0 0 0 0 0 0 1 1 1 0 0 1 0 1 1 1 0 0 1 0 1
 1 0 0 0 0 0 1 1 1 0 1 0 0 0 1 1 0 1 0 1 0 0 1 0 0 0 0 0 0 0 1 0 1 0 1 1 0
 1 1 0]
[[1 1]
 [0 0]
 [0 0]
 [0 0]
 [0 0]
 [0 0]
 [0 0]
 [0 0]
 [0 0]
 [0 0]
 [0 0]
 [0 0]
 [0 0]
 [0 0]
 [0 0]
 [1 1]
 [0 0]
 [1 1]
 [1 1]
 [1 1]
 [1 1]
 [1 1]
 [0 0]
 [0 0]
 [1 1]
 [0 0]
 [0 0]
 [1 1]
 [0 0]
 [1 1]
 [0 0]
 [1 1]
 [0 0]
 [1 1]
 [0 0]
 [1 1]
 [0 0]
 [1 1]
 [0 0]
 [1 1]
 [0 1]
 [0 0]
 [1 1]
 [0 0]
 [0 0]
 [1 1]
 [0 0]
 [0 0]
 [0 0]
 [1 1]
 [1 1]
 [1 1]
 [1 1]
 [0 0]
 [0 0]
 [0 0]
 [0 0]
 [0 0]
 [0 0]
 [1 1]
 [1 1]
 [1 1]
 [0 0]
 [0 0]
 [1 1]
 [0 0]
 [1 1]
 [1 1]
 [1 1]
 [0 0]
 [0 0]
 [1 1]
 [0 0]
 [0 1]
 [1 1]
 [0 0]
 [0 0]
 [0 0]
 [0 0]
 [0 0]
 [1 1]
 [1 1]
 [1 1]
 [0 0]
 [1 1]
 [0 0]
 [0 0]
 [0 0]
 [1 1]
 [1 1]
 [0 0]
 [0 1]
 [0 0]
 [1 1]
 [0 0]
 [0 0]
 [1 1]
 [0 0]
 [0 0]
 [0 0]
 [0 0]
 [0 0]
 [0 0]
 [0 0]
 [1 1]
 [0 0]
 [1 1]
 [0 0]
 [0 1]
 [1 1]
 [0 0]
 [1 1]
 [1 1]
 [0 0]]
### KNN Metrics ###
Accuracy: 0.9649122807017544
AUC-ROC: 0.9574468085106382
F1 Score: 0.9555555555555556
Precision: 1.0
Sensitivity (Recall): 0.9148936170212766
Specificity: 1.0
True Negatives: 67
False Positives: 0
False Negatives: 4
True Positives: 43
2024-01-23 18:51:38,238 - __main__ - INFO - f1_size: 60, f2_size:10, committed beta = 0.1
[1.0, 0.0, 0.0, 0.0, 0.0, 0.0, 0.0, 0.0, 0.0, 0.0, 1.0, 0.0, 0.0, 1.0, 1.0, 1.0, 0.0, 1.0, 1.0, 1.0, 1.0, 1.0, 0.0, 0.0, 1.0, 0.0, 0.0, 1.0, 0.0, 1.0, 0.0, 1.0, 0.0, 1.0, 0.0, 1.0, 0.0, 1.0, 0.0, 1.0, 0.0, 0.0, 1.0, 0.0, 0.0, 1.0, 0.0, 0.0, 0.0, 1.0, 1.0, 1.0, 1.0, 0.0, 0.0, 0.0, 0.0, 0.0, 0.0, 1.0, 1.0, 1.0, 0.0, 0.0, 1.0, 0.0, 1.0, 1.0, 1.0, 0.0, 0.0, 1.0, 0.0, 1.0, 1.0, 0.0, 0.0, 0.0, 0.0, 0.0, 1.0, 1.0, 1.0, 0.0, 1.0, 0.0, 0.0, 0.0, 1.0, 1.0, 0.0, 1.0, 1.0, 1.0, 0.0, 0.0, 1.0, 0.0, 0.0, 0.0, 0.0, 0.0, 0.0, 0.0, 1.0, 0.0, 1.0, 0.0, 1.0, 1.0, 0.0, 1.0, 1.0, 1.0]
### FAM Metrics ###
Accuracy: 0.9473684210526315
AUC-ROC: 0.9520482692918386
F1 Score: 0.9387755102040817
Precision: 0.9019607843137255
Sensitivity (Recall): 0.9787234042553191
Specificity: 0.9253731343283582
True Negatives: 62
False Positives: 5
False Negatives: 1
True Positives: 46
############################ Model Comparison: KNN vs FAM ############################
-------------------------------------------------------------------------------------
Metric                    KNN                  FAM                  Diff
-------------------------------------------------------------------------------------
Accuracy:                 0.965                0.947                0.018
AUC-ROC:                  0.957                0.952                0.005
F1 Score:                 0.956                0.939                0.017
Precision:                1.000                0.902                0.098
Sensitivity (Recall):     0.915                0.979                -0.064
Specificity:              1.000                0.925                0.075
True Negatives:           67.000               62.000               5.000
False Positives:          0.000                5.000                -5.000
False Negatives:          4.000                1.000                3.000
True Positives:           43.000               46.000               -3.000